pca_ratio = 0.8 n_components = 1 accuracy = 0.984
             precision    recall  f1-score   support

          0       1.00      0.99      0.99       992
          1       0.99      0.99      0.99      1193
          2       0.98      0.99      0.99      1031
          3       0.98      0.97      0.98      1030
          4       0.98      0.99      0.98       927
          5       0.99      0.98      0.98       894
          6       0.99      0.99      0.99      1021
          7       0.98      0.99      0.98      1028
          8       0.98      0.98      0.98       922
          9       0.98      0.96      0.97       962

avg / total       0.98      0.98      0.98     10000
