pca_ratio = 0.4 n_components = 1 accuracy = 0.633
             precision    recall  f1-score   support

          0       0.76      0.78      0.77       279
          1       0.76      0.88      0.82       338
          2       0.74      0.65      0.69       290
          3       0.50      0.50      0.50       319
          4       0.62      0.58      0.60       286
          5       0.53      0.47      0.50       285
          6       0.76      0.73      0.74       319
          7       0.65      0.61      0.63       300
          8       0.54      0.61      0.57       287
          9       0.46      0.49      0.48       297

avg / total       0.63      0.63      0.63      3000
pca_ratio = 0.4 n_components = 3 accuracy = 0.635
             precision    recall  f1-score   support

          0       0.66      0.85      0.75       279
          1       0.68      0.94      0.79       338
          2       0.68      0.71      0.69       290
          3       0.46      0.51      0.48       319
          4       0.58      0.62      0.60       286
          5       0.60      0.48      0.53       285
          6       0.82      0.67      0.74       319
          7       0.71      0.61      0.65       300
          8       0.60      0.49      0.54       287
          9       0.57      0.43      0.49       297

avg / total       0.64      0.64      0.63      3000
pca_ratio = 0.4 n_components = 5 accuracy = 0.6563333333333333
             precision    recall  f1-score   support

          0       0.73      0.86      0.79       279
          1       0.69      0.93      0.79       338
          2       0.79      0.67      0.72       290
          3       0.50      0.54      0.52       319
          4       0.63      0.59      0.61       286
          5       0.63      0.51      0.56       285
          6       0.77      0.71      0.74       319
          7       0.69      0.64      0.66       300
          8       0.59      0.59      0.59       287
          9       0.55      0.50      0.53       297

avg / total       0.66      0.66      0.65      3000
pca_ratio = 0.4 n_components = 7 accuracy = 0.6636666666666666
             precision    recall  f1-score   support

          0       0.76      0.86      0.81       279
          1       0.67      0.93      0.78       338
          2       0.79      0.64      0.71       290
          3       0.53      0.55      0.54       319
          4       0.63      0.62      0.62       286
          5       0.63      0.51      0.56       285
          6       0.77      0.76      0.76       319
          7       0.70      0.62      0.66       300
          8       0.62      0.59      0.60       287
          9       0.56      0.53      0.54       297

avg / total       0.66      0.66      0.66      3000
pca_ratio = 0.4 n_components = 9 accuracy = 0.6653333333333333
             precision    recall  f1-score   support

          0       0.78      0.84      0.81       279
          1       0.68      0.94      0.79       338
          2       0.82      0.62      0.71       290
          3       0.55      0.56      0.55       319
          4       0.66      0.59      0.62       286
          5       0.60      0.51      0.55       285
          6       0.74      0.73      0.73       319
          7       0.71      0.67      0.69       300
          8       0.63      0.61      0.62       287
          9       0.52      0.55      0.54       297

avg / total       0.67      0.67      0.66      3000
pca_ratio = 0.4 n_components = 11 accuracy = 0.6723333333333333
             precision    recall  f1-score   support

          0       0.79      0.84      0.82       279
          1       0.66      0.95      0.78       338
          2       0.85      0.62      0.72       290
          3       0.58      0.56      0.57       319
          4       0.66      0.59      0.62       286
          5       0.63      0.52      0.57       285
          6       0.75      0.75      0.75       319
          7       0.74      0.68      0.71       300
          8       0.60      0.62      0.61       287
          9       0.53      0.55      0.54       297

avg / total       0.68      0.67      0.67      3000
pca_ratio = 0.4 n_components = 13 accuracy = 0.6633333333333333
             precision    recall  f1-score   support

          0       0.78      0.83      0.80       279
          1       0.65      0.95      0.77       338
          2       0.85      0.62      0.72       290
          3       0.56      0.53      0.55       319
          4       0.67      0.57      0.61       286
          5       0.63      0.53      0.58       285
          6       0.74      0.74      0.74       319
          7       0.72      0.64      0.68       300
          8       0.58      0.61      0.59       287
          9       0.53      0.57      0.55       297

avg / total       0.67      0.66      0.66      3000
pca_ratio = 0.4 n_components = 15 accuracy = 0.6633333333333333
             precision    recall  f1-score   support

          0       0.79      0.83      0.81       279
          1       0.64      0.94      0.76       338
          2       0.85      0.62      0.72       290
          3       0.57      0.56      0.57       319
          4       0.66      0.58      0.62       286
          5       0.62      0.51      0.56       285
          6       0.74      0.74      0.74       319
          7       0.72      0.63      0.67       300
          8       0.59      0.62      0.61       287
          9       0.53      0.55      0.54       297

avg / total       0.67      0.66      0.66      3000
pca_ratio = 0.5 n_components = 1 accuracy = 0.709
             precision    recall  f1-score   support

          0       0.82      0.84      0.83       279
          1       0.79      0.92      0.85       338
          2       0.81      0.71      0.76       290
          3       0.65      0.62      0.63       319
          4       0.72      0.65      0.68       286
          5       0.66      0.58      0.62       285
          6       0.82      0.81      0.82       319
          7       0.70      0.68      0.69       300
          8       0.57      0.64      0.60       287
          9       0.56      0.61      0.58       297

avg / total       0.71      0.71      0.71      3000
pca_ratio = 0.5 n_components = 3 accuracy = 0.7063333333333334
             precision    recall  f1-score   support

          0       0.76      0.89      0.82       279
          1       0.71      0.96      0.82       338
          2       0.72      0.73      0.73       290
          3       0.59      0.63      0.61       319
          4       0.68      0.66      0.67       286
          5       0.69      0.56      0.62       285
          6       0.83      0.77      0.80       319
          7       0.78      0.65      0.71       300
          8       0.70      0.62      0.66       287
          9       0.61      0.55      0.58       297

avg / total       0.71      0.71      0.70      3000
pca_ratio = 0.5 n_components = 5 accuracy = 0.728
             precision    recall  f1-score   support

          0       0.82      0.86      0.84       279
          1       0.72      0.96      0.82       338
          2       0.83      0.72      0.77       290
          3       0.67      0.68      0.67       319
          4       0.71      0.69      0.70       286
          5       0.74      0.64      0.69       285
          6       0.80      0.82      0.81       319
          7       0.75      0.69      0.72       300
          8       0.67      0.62      0.64       287
          9       0.58      0.56      0.57       297

avg / total       0.73      0.73      0.73      3000
pca_ratio = 0.5 n_components = 7 accuracy = 0.7303333333333333
             precision    recall  f1-score   support

          0       0.85      0.88      0.86       279
          1       0.68      0.96      0.80       338
          2       0.84      0.70      0.76       290
          3       0.66      0.68      0.67       319
          4       0.70      0.68      0.69       286
          5       0.73      0.64      0.68       285
          6       0.80      0.81      0.80       319
          7       0.79      0.68      0.73       300
          8       0.71      0.64      0.67       287
          9       0.60      0.60      0.60       297

avg / total       0.73      0.73      0.73      3000
pca_ratio = 0.5 n_components = 9 accuracy = 0.7366666666666667
             precision    recall  f1-score   support

          0       0.87      0.88      0.87       279
          1       0.67      0.98      0.80       338
          2       0.85      0.71      0.77       290
          3       0.70      0.70      0.70       319
          4       0.70      0.68      0.69       286
          5       0.77      0.64      0.70       285
          6       0.81      0.83      0.82       319
          7       0.77      0.69      0.73       300
          8       0.70      0.64      0.67       287
          9       0.58      0.59      0.58       297

avg / total       0.74      0.74      0.73      3000
pca_ratio = 0.5 n_components = 11 accuracy = 0.735
             precision    recall  f1-score   support

          0       0.86      0.87      0.87       279
          1       0.65      0.98      0.78       338
          2       0.87      0.70      0.78       290
          3       0.71      0.69      0.70       319
          4       0.68      0.66      0.67       286
          5       0.77      0.66      0.71       285
          6       0.81      0.82      0.82       319
          7       0.77      0.69      0.73       300
          8       0.71      0.68      0.69       287
          9       0.59      0.56      0.57       297

avg / total       0.74      0.73      0.73      3000
pca_ratio = 0.5 n_components = 13 accuracy = 0.73
             precision    recall  f1-score   support

          0       0.87      0.86      0.87       279
          1       0.65      0.99      0.78       338
          2       0.88      0.69      0.77       290
          3       0.69      0.67      0.68       319
          4       0.69      0.66      0.68       286
          5       0.78      0.64      0.70       285
          6       0.80      0.82      0.81       319
          7       0.77      0.70      0.73       300
          8       0.70      0.68      0.69       287
          9       0.58      0.55      0.56       297

avg / total       0.74      0.73      0.73      3000
pca_ratio = 0.5 n_components = 15 accuracy = 0.7316666666666667
             precision    recall  f1-score   support

          0       0.87      0.87      0.87       279
          1       0.63      0.98      0.77       338
          2       0.88      0.69      0.77       290
          3       0.71      0.68      0.70       319
          4       0.71      0.64      0.67       286
          5       0.78      0.65      0.71       285
          6       0.80      0.84      0.82       319
          7       0.77      0.68      0.72       300
          8       0.71      0.67      0.69       287
          9       0.58      0.58      0.58       297

avg / total       0.74      0.73      0.73      3000
pca_ratio = 0.6 n_components = 1 accuracy = 0.762
             precision    recall  f1-score   support

          0       0.87      0.89      0.88       279
          1       0.82      0.96      0.88       338
          2       0.85      0.74      0.79       290
          3       0.73      0.69      0.71       319
          4       0.75      0.71      0.73       286
          5       0.76      0.66      0.71       285
          6       0.90      0.86      0.88       319
          7       0.74      0.75      0.75       300
          8       0.66      0.70      0.68       287
          9       0.57      0.64      0.60       297

avg / total       0.77      0.76      0.76      3000
pca_ratio = 0.6 n_components = 3 accuracy = 0.7433333333333333
             precision    recall  f1-score   support

          0       0.81      0.91      0.86       279
          1       0.68      0.99      0.81       338
          2       0.76      0.74      0.75       290
          3       0.68      0.74      0.71       319
          4       0.69      0.65      0.67       286
          5       0.76      0.61      0.68       285
          6       0.88      0.83      0.85       319
          7       0.81      0.75      0.78       300
          8       0.77      0.62      0.69       287
          9       0.62      0.55      0.58       297

avg / total       0.75      0.74      0.74      3000
pca_ratio = 0.6 n_components = 5 accuracy = 0.7633333333333333
             precision    recall  f1-score   support

          0       0.89      0.88      0.88       279
          1       0.69      0.99      0.81       338
          2       0.87      0.76      0.81       290
          3       0.73      0.76      0.75       319
          4       0.72      0.66      0.69       286
          5       0.79      0.66      0.72       285
          6       0.86      0.87      0.87       319
          7       0.77      0.75      0.76       300
          8       0.75      0.67      0.71       287
          9       0.62      0.58      0.60       297

avg / total       0.77      0.76      0.76      3000
pca_ratio = 0.6 n_components = 7 accuracy = 0.763
             precision    recall  f1-score   support

          0       0.89      0.89      0.89       279
          1       0.66      1.00      0.79       338
          2       0.88      0.72      0.79       290
          3       0.76      0.76      0.76       319
          4       0.70      0.64      0.67       286
          5       0.84      0.70      0.77       285
          6       0.87      0.87      0.87       319
          7       0.77      0.75      0.76       300
          8       0.77      0.68      0.72       287
          9       0.60      0.57      0.59       297

avg / total       0.77      0.76      0.76      3000
pca_ratio = 0.6 n_components = 9 accuracy = 0.7576666666666667
             precision    recall  f1-score   support

          0       0.89      0.88      0.89       279
          1       0.64      1.00      0.78       338
          2       0.89      0.70      0.78       290
          3       0.75      0.75      0.75       319
          4       0.74      0.67      0.70       286
          5       0.82      0.69      0.75       285
          6       0.86      0.86      0.86       319
          7       0.75      0.72      0.74       300
          8       0.75      0.67      0.71       287
          9       0.61      0.60      0.60       297

avg / total       0.77      0.76      0.76      3000
pca_ratio = 0.6 n_components = 11 accuracy = 0.7473333333333333
             precision    recall  f1-score   support

          0       0.91      0.86      0.88       279
          1       0.62      1.00      0.77       338
          2       0.89      0.67      0.76       290
          3       0.75      0.75      0.75       319
          4       0.73      0.63      0.68       286
          5       0.79      0.65      0.71       285
          6       0.84      0.87      0.86       319
          7       0.74      0.71      0.72       300
          8       0.77      0.68      0.72       287
          9       0.61      0.60      0.60       297

avg / total       0.76      0.75      0.75      3000
pca_ratio = 0.6 n_components = 13 accuracy = 0.7433333333333333
             precision    recall  f1-score   support

          0       0.92      0.85      0.88       279
          1       0.59      1.00      0.74       338
          2       0.91      0.67      0.77       290
          3       0.75      0.73      0.74       319
          4       0.72      0.62      0.67       286
          5       0.79      0.68      0.73       285
          6       0.83      0.85      0.84       319
          7       0.74      0.70      0.72       300
          8       0.76      0.69      0.72       287
          9       0.62      0.60      0.61       297

avg / total       0.76      0.74      0.74      3000
pca_ratio = 0.6 n_components = 15 accuracy = 0.7363333333333333
             precision    recall  f1-score   support

          0       0.91      0.85      0.88       279
          1       0.59      1.00      0.74       338
          2       0.91      0.67      0.77       290
          3       0.74      0.74      0.74       319
          4       0.72      0.62      0.66       286
          5       0.78      0.67      0.72       285
          6       0.82      0.85      0.83       319
          7       0.74      0.68      0.71       300
          8       0.76      0.67      0.71       287
          9       0.60      0.59      0.59       297

avg / total       0.75      0.74      0.74      3000
pca_ratio = 0.7 n_components = 1 accuracy = 0.7573333333333333
             precision    recall  f1-score   support

          0       0.90      0.85      0.88       279
          1       0.74      0.96      0.84       338
          2       0.82      0.70      0.75       290
          3       0.74      0.70      0.72       319
          4       0.78      0.70      0.74       286
          5       0.77      0.68      0.72       285
          6       0.88      0.87      0.87       319
          7       0.73      0.77      0.75       300
          8       0.67      0.67      0.67       287
          9       0.58      0.66      0.62       297

avg / total       0.76      0.76      0.76      3000
pca_ratio = 0.7 n_components = 3 accuracy = 0.739
             precision    recall  f1-score   support

          0       0.83      0.90      0.86       279
          1       0.60      0.99      0.75       338
          2       0.78      0.74      0.76       290
          3       0.70      0.74      0.72       319
          4       0.69      0.64      0.67       286
          5       0.80      0.64      0.71       285
          6       0.90      0.80      0.85       319
          7       0.79      0.71      0.75       300
          8       0.80      0.62      0.70       287
          9       0.65      0.56      0.60       297

avg / total       0.75      0.74      0.74      3000
pca_ratio = 0.7 n_components = 5 accuracy = 0.7543333333333333
             precision    recall  f1-score   support

          0       0.89      0.88      0.88       279
          1       0.60      0.99      0.75       338
          2       0.88      0.73      0.80       290
          3       0.76      0.78      0.77       319
          4       0.74      0.66      0.70       286
          5       0.81      0.67      0.73       285
          6       0.87      0.84      0.85       319
          7       0.74      0.70      0.72       300
          8       0.80      0.66      0.72       287
          9       0.65      0.58      0.61       297

avg / total       0.77      0.75      0.75      3000
pca_ratio = 0.7 n_components = 7 accuracy = 0.738
             precision    recall  f1-score   support

          0       0.89      0.87      0.88       279
          1       0.56      1.00      0.72       338
          2       0.86      0.69      0.77       290
          3       0.74      0.74      0.74       319
          4       0.71      0.64      0.67       286
          5       0.81      0.66      0.73       285
          6       0.86      0.85      0.85       319
          7       0.73      0.69      0.71       300
          8       0.81      0.64      0.71       287
          9       0.62      0.55      0.58       297

avg / total       0.76      0.74      0.74      3000
pca_ratio = 0.7 n_components = 9 accuracy = 0.733
             precision    recall  f1-score   support

          0       0.90      0.87      0.89       279
          1       0.54      0.99      0.70       338
          2       0.88      0.70      0.78       290
          3       0.74      0.74      0.74       319
          4       0.75      0.61      0.68       286
          5       0.80      0.65      0.72       285
          6       0.84      0.83      0.84       319
          7       0.72      0.68      0.70       300
          8       0.79      0.62      0.70       287
          9       0.62      0.58      0.60       297

avg / total       0.76      0.73      0.73      3000
pca_ratio = 0.7 n_components = 11 accuracy = 0.7256666666666667
             precision    recall  f1-score   support

          0       0.90      0.86      0.88       279
          1       0.53      1.00      0.69       338
          2       0.90      0.68      0.78       290
          3       0.74      0.74      0.74       319
          4       0.74      0.61      0.67       286
          5       0.81      0.66      0.72       285
          6       0.83      0.81      0.82       319
          7       0.69      0.67      0.68       300
          8       0.80      0.63      0.71       287
          9       0.61      0.56      0.58       297

avg / total       0.75      0.73      0.73      3000
pca_ratio = 0.7 n_components = 13 accuracy = 0.7216666666666667
             precision    recall  f1-score   support

          0       0.90      0.85      0.87       279
          1       0.52      1.00      0.68       338
          2       0.91      0.66      0.76       290
          3       0.74      0.75      0.74       319
          4       0.72      0.61      0.66       286
          5       0.82      0.64      0.72       285
          6       0.84      0.82      0.83       319
          7       0.69      0.66      0.67       300
          8       0.80      0.63      0.71       287
          9       0.62      0.55      0.58       297

avg / total       0.75      0.72      0.72      3000
pca_ratio = 0.7 n_components = 15 accuracy = 0.7146666666666667
             precision    recall  f1-score   support

          0       0.90      0.85      0.88       279
          1       0.50      1.00      0.67       338
          2       0.90      0.67      0.76       290
          3       0.75      0.73      0.74       319
          4       0.70      0.60      0.65       286
          5       0.82      0.64      0.72       285
          6       0.85      0.80      0.83       319
          7       0.70      0.63      0.66       300
          8       0.80      0.64      0.71       287
          9       0.60      0.55      0.57       297

avg / total       0.75      0.71      0.72      3000
pca_ratio = 0.8 n_components = 1 accuracy = 0.7376666666666667
             precision    recall  f1-score   support

          0       0.87      0.85      0.86       279
          1       0.67      0.98      0.80       338
          2       0.86      0.67      0.75       290
          3       0.72      0.69      0.71       319
          4       0.74      0.65      0.69       286
          5       0.77      0.65      0.71       285
          6       0.88      0.86      0.87       319
          7       0.68      0.72      0.70       300
          8       0.72      0.63      0.67       287
          9       0.57      0.63      0.60       297

avg / total       0.75      0.74      0.74      3000
pca_ratio = 0.8 n_components = 3 accuracy = 0.717
             precision    recall  f1-score   support

          0       0.80      0.88      0.84       279
          1       0.52      0.99      0.68       338
          2       0.80      0.70      0.74       290
          3       0.69      0.71      0.70       319
          4       0.71      0.64      0.67       286
          5       0.79      0.60      0.68       285
          6       0.88      0.81      0.84       319
          7       0.74      0.67      0.71       300
          8       0.85      0.57      0.69       287
          9       0.69      0.54      0.60       297

avg / total       0.74      0.72      0.72      3000
pca_ratio = 0.8 n_components = 5 accuracy = 0.71
             precision    recall  f1-score   support

          0       0.87      0.89      0.88       279
          1       0.49      1.00      0.66       338
          2       0.89      0.68      0.77       290
          3       0.73      0.72      0.73       319
          4       0.70      0.58      0.63       286
          5       0.83      0.62      0.71       285
          6       0.87      0.82      0.84       319
          7       0.66      0.63      0.65       300
          8       0.81      0.61      0.69       287
          9       0.63      0.51      0.56       297

avg / total       0.74      0.71      0.71      3000
pca_ratio = 0.8 n_components = 7 accuracy = 0.7056666666666667
             precision    recall  f1-score   support

          0       0.87      0.86      0.87       279
          1       0.47      1.00      0.64       338
          2       0.90      0.65      0.76       290
          3       0.75      0.74      0.74       319
          4       0.71      0.56      0.63       286
          5       0.83      0.64      0.72       285
          6       0.87      0.81      0.84       319
          7       0.66      0.65      0.65       300
          8       0.83      0.60      0.70       287
          9       0.61      0.50      0.55       297

avg / total       0.75      0.71      0.71      3000
pca_ratio = 0.8 n_components = 9 accuracy = 0.704
             precision    recall  f1-score   support

          0       0.88      0.84      0.86       279
          1       0.45      1.00      0.62       338
          2       0.91      0.66      0.76       290
          3       0.75      0.73      0.74       319
          4       0.72      0.56      0.63       286
          5       0.80      0.65      0.72       285
          6       0.87      0.79      0.83       319
          7       0.70      0.64      0.67       300
          8       0.86      0.61      0.71       287
          9       0.62      0.52      0.57       297

avg / total       0.75      0.70      0.71      3000
pca_ratio = 0.8 n_components = 11 accuracy = 0.6966666666666667
             precision    recall  f1-score   support

          0       0.89      0.84      0.86       279
          1       0.44      1.00      0.61       338
          2       0.92      0.63      0.75       290
          3       0.75      0.73      0.74       319
          4       0.73      0.54      0.62       286
          5       0.82      0.66      0.73       285
          6       0.86      0.78      0.82       319
          7       0.67      0.63      0.65       300
          8       0.85      0.59      0.69       287
          9       0.64      0.52      0.58       297

avg / total       0.75      0.70      0.70      3000
pca_ratio = 0.8 n_components = 13 accuracy = 0.6823333333333333
             precision    recall  f1-score   support

          0       0.90      0.80      0.85       279
          1       0.43      1.00      0.60       338
          2       0.90      0.64      0.75       290
          3       0.75      0.71      0.73       319
          4       0.70      0.53      0.60       286
          5       0.81      0.63      0.71       285
          6       0.84      0.78      0.81       319
          7       0.66      0.59      0.62       300
          8       0.83      0.58      0.68       287
          9       0.61      0.51      0.55       297

avg / total       0.74      0.68      0.69      3000
pca_ratio = 0.8 n_components = 15 accuracy = 0.6753333333333333
             precision    recall  f1-score   support

          0       0.89      0.80      0.84       279
          1       0.42      1.00      0.59       338
          2       0.92      0.63      0.75       290
          3       0.75      0.71      0.73       319
          4       0.70      0.51      0.59       286
          5       0.82      0.63      0.71       285
          6       0.84      0.76      0.80       319
          7       0.66      0.58      0.62       300
          8       0.82      0.58      0.68       287
          9       0.59      0.50      0.54       297

avg / total       0.73      0.68      0.68      3000
pca_ratio = 0.9 n_components = 1 accuracy = 0.6996666666666667
             precision    recall  f1-score   support

          0       0.88      0.85      0.86       279
          1       0.57      0.98      0.72       338
          2       0.87      0.64      0.74       290
          3       0.71      0.68      0.69       319
          4       0.71      0.55      0.62       286
          5       0.75      0.63      0.68       285
          6       0.83      0.81      0.82       319
          7       0.60      0.67      0.64       300
          8       0.77      0.57      0.66       287
          9       0.54      0.56      0.55       297

avg / total       0.72      0.70      0.70      3000
pca_ratio = 0.9 n_components = 3 accuracy = 0.669
             precision    recall  f1-score   support

          0       0.78      0.87      0.82       279
          1       0.43      0.99      0.60       338
          2       0.78      0.69      0.73       290
          3       0.70      0.68      0.69       319
          4       0.67      0.52      0.59       286
          5       0.77      0.54      0.64       285
          6       0.89      0.76      0.82       319
          7       0.69      0.61      0.65       300
          8       0.86      0.48      0.61       287
          9       0.64      0.49      0.55       297

avg / total       0.72      0.67      0.67      3000
pca_ratio = 0.9 n_components = 5 accuracy = 0.669
             precision    recall  f1-score   support

          0       0.85      0.87      0.86       279
          1       0.42      0.99      0.59       338
          2       0.88      0.65      0.75       290
          3       0.71      0.71      0.71       319
          4       0.72      0.51      0.60       286
          5       0.80      0.56      0.66       285
          6       0.87      0.77      0.82       319
          7       0.64      0.62      0.63       300
          8       0.81      0.49      0.61       287
          9       0.59      0.46      0.52       297

avg / total       0.72      0.67      0.67      3000
pca_ratio = 0.9 n_components = 7 accuracy = 0.6613333333333333
             precision    recall  f1-score   support

          0       0.87      0.85      0.86       279
          1       0.39      1.00      0.56       338
          2       0.92      0.62      0.74       290
          3       0.72      0.69      0.71       319
          4       0.71      0.45      0.56       286
          5       0.83      0.58      0.68       285
          6       0.86      0.77      0.81       319
          7       0.62      0.59      0.60       300
          8       0.85      0.52      0.64       287
          9       0.60      0.47      0.53       297

avg / total       0.73      0.66      0.67      3000
pca_ratio = 0.9 n_components = 9 accuracy = 0.651
             precision    recall  f1-score   support

          0       0.88      0.82      0.85       279
          1       0.37      1.00      0.54       338
          2       0.93      0.62      0.74       290
          3       0.73      0.68      0.71       319
          4       0.68      0.46      0.55       286
          5       0.83      0.59      0.69       285
          6       0.85      0.74      0.79       319
          7       0.63      0.58      0.60       300
          8       0.86      0.50      0.63       287
          9       0.60      0.46      0.52       297

avg / total       0.73      0.65      0.66      3000
pca_ratio = 0.9 n_components = 11 accuracy = 0.6356666666666667
             precision    recall  f1-score   support

          0       0.88      0.80      0.84       279
          1       0.36      1.00      0.53       338
          2       0.92      0.60      0.72       290
          3       0.73      0.66      0.70       319
          4       0.69      0.43      0.53       286
          5       0.83      0.59      0.69       285
          6       0.84      0.73      0.79       319
          7       0.59      0.55      0.57       300
          8       0.85      0.49      0.62       287
          9       0.58      0.44      0.50       297

avg / total       0.72      0.64      0.65      3000
pca_ratio = 0.9 n_components = 13 accuracy = 0.6256666666666667
             precision    recall  f1-score   support

          0       0.89      0.77      0.83       279
          1       0.34      1.00      0.51       338
          2       0.93      0.57      0.71       290
          3       0.74      0.65      0.69       319
          4       0.68      0.44      0.54       286
          5       0.81      0.58      0.68       285
          6       0.83      0.72      0.77       319
          7       0.59      0.53      0.56       300
          8       0.88      0.49      0.63       287
          9       0.60      0.43      0.50       297

avg / total       0.72      0.63      0.64      3000
pca_ratio = 0.9 n_components = 15 accuracy = 0.6133333333333333
             precision    recall  f1-score   support

          0       0.89      0.77      0.83       279
          1       0.33      1.00      0.49       338
          2       0.93      0.54      0.68       290
          3       0.73      0.64      0.68       319
          4       0.67      0.43      0.52       286
          5       0.83      0.57      0.68       285
          6       0.86      0.70      0.77       319
          7       0.59      0.50      0.54       300
          8       0.87      0.48      0.62       287
          9       0.58      0.43      0.50       297

avg / total       0.72      0.61      0.63      3000
pca_ratio = 0.999 n_components = 1 accuracy = 0.661
             precision    recall  f1-score   support

          0       0.87      0.82      0.84       279
          1       0.48      0.99      0.65       338
          2       0.85      0.59      0.70       290
          3       0.74      0.65      0.69       319
          4       0.69      0.49      0.57       286
          5       0.71      0.61      0.66       285
          6       0.84      0.77      0.80       319
          7       0.55      0.62      0.58       300
          8       0.76      0.49      0.60       287
          9       0.52      0.52      0.52       297

avg / total       0.70      0.66      0.66      3000
pca_ratio = 0.999 n_components = 3 accuracy = 0.6263333333333333
             precision    recall  f1-score   support

          0       0.79      0.86      0.82       279
          1       0.36      0.99      0.53       338
          2       0.79      0.63      0.70       290
          3       0.67      0.65      0.66       319
          4       0.63      0.47      0.54       286
          5       0.79      0.48      0.60       285
          6       0.89      0.74      0.81       319
          7       0.68      0.54      0.60       300
          8       0.86      0.40      0.55       287
          9       0.63      0.43      0.51       297

avg / total       0.70      0.63      0.63      3000
pca_ratio = 0.999 n_components = 5 accuracy = 0.625
             precision    recall  f1-score   support

          0       0.86      0.85      0.85       279
          1       0.35      0.99      0.52       338
          2       0.91      0.59      0.72       290
          3       0.69      0.63      0.66       319
          4       0.68      0.47      0.55       286
          5       0.81      0.51      0.63       285
          6       0.87      0.75      0.81       319
          7       0.61      0.56      0.58       300
          8       0.83      0.42      0.56       287
          9       0.59      0.42      0.49       297

avg / total       0.71      0.62      0.64      3000
pca_ratio = 0.3 n_components = 1 accuracy = 0.5033333333333333
             precision    recall  f1-score   support

          0       0.64      0.66      0.65       279
          1       0.66      0.72      0.69       338
          2       0.60      0.53      0.57       290
          3       0.34      0.35      0.35       319
          4       0.48      0.47      0.47       286
          5       0.41      0.41      0.41       285
          6       0.59      0.57      0.58       319
          7       0.54      0.48      0.51       300
          8       0.36      0.40      0.38       287
          9       0.41      0.41      0.41       297

avg / total       0.51      0.50      0.50      3000
pca_ratio = 0.3 n_components = 3 accuracy = 0.5056666666666667
             precision    recall  f1-score   support

          0       0.50      0.76      0.61       279
          1       0.57      0.86      0.69       338
          2       0.52      0.59      0.55       290
          3       0.31      0.37      0.34       319
          4       0.50      0.52      0.51       286
          5       0.45      0.34      0.39       285
          6       0.65      0.51      0.58       319
          7       0.66      0.43      0.52       300
          8       0.45      0.31      0.36       287
          9       0.47      0.33      0.39       297

avg / total       0.51      0.51      0.50      3000
pca_ratio = 0.3 n_components = 5 accuracy = 0.5286666666666666
             precision    recall  f1-score   support

          0       0.57      0.75      0.64       279
          1       0.60      0.85      0.70       338
          2       0.60      0.56      0.58       290
          3       0.38      0.43      0.40       319
          4       0.55      0.51      0.53       286
          5       0.44      0.38      0.41       285
          6       0.63      0.56      0.59       319
          7       0.59      0.48      0.53       300
          8       0.43      0.36      0.39       287
          9       0.46      0.38      0.42       297

avg / total       0.52      0.53      0.52      3000
pca_ratio = 0.3 n_components = 7 accuracy = 0.538
             precision    recall  f1-score   support

          0       0.60      0.75      0.67       279
          1       0.59      0.84      0.69       338
          2       0.63      0.59      0.61       290
          3       0.35      0.40      0.38       319
          4       0.54      0.51      0.52       286
          5       0.49      0.41      0.44       285
          6       0.66      0.59      0.62       319
          7       0.61      0.49      0.54       300
          8       0.45      0.38      0.42       287
          9       0.45      0.39      0.42       297

avg / total       0.54      0.54      0.53      3000
pca_ratio = 0.3 n_components = 9 accuracy = 0.5443333333333333
             precision    recall  f1-score   support

          0       0.62      0.76      0.68       279
          1       0.58      0.85      0.69       338
          2       0.62      0.56      0.59       290
          3       0.37      0.41      0.39       319
          4       0.53      0.52      0.53       286
          5       0.50      0.39      0.44       285
          6       0.68      0.61      0.64       319
          7       0.65      0.49      0.56       300
          8       0.43      0.39      0.41       287
          9       0.47      0.43      0.45       297

avg / total       0.55      0.54      0.54      3000
pca_ratio = 0.3 n_components = 11 accuracy = 0.5413333333333333
             precision    recall  f1-score   support

          0       0.60      0.73      0.66       279
          1       0.58      0.86      0.69       338
          2       0.66      0.55      0.60       290
          3       0.38      0.42      0.40       319
          4       0.54      0.49      0.51       286
          5       0.49      0.37      0.42       285
          6       0.64      0.61      0.62       319
          7       0.66      0.51      0.57       300
          8       0.43      0.41      0.42       287
          9       0.46      0.43      0.45       297

avg / total       0.54      0.54      0.54      3000
pca_ratio = 0.3 n_components = 13 accuracy = 0.5406666666666666
             precision    recall  f1-score   support

          0       0.62      0.73      0.67       279
          1       0.57      0.86      0.68       338
          2       0.67      0.52      0.59       290
          3       0.40      0.43      0.41       319
          4       0.51      0.48      0.50       286
          5       0.50      0.40      0.44       285
          6       0.63      0.63      0.63       319
          7       0.67      0.50      0.57       300
          8       0.44      0.43      0.43       287
          9       0.42      0.39      0.40       297

avg / total       0.54      0.54      0.54      3000
pca_ratio = 0.3 n_components = 15 accuracy = 0.552
             precision    recall  f1-score   support

          0       0.63      0.71      0.67       279
          1       0.57      0.86      0.68       338
          2       0.71      0.54      0.62       290
          3       0.41      0.43      0.42       319
          4       0.54      0.50      0.52       286
          5       0.52      0.42      0.46       285
          6       0.64      0.65      0.65       319
          7       0.66      0.50      0.57       300
          8       0.44      0.43      0.43       287
          9       0.45      0.44      0.45       297

avg / total       0.56      0.55      0.55      3000
pca_ratio = 0.6 n_components = 5 accuracy =              precision    recall  f1-score   support

          0       0.92      0.96      0.94       992
          1       0.87      0.99      0.93      1193
          2       0.94      0.88      0.91      1031
          3       0.86      0.86      0.86      1030
          4       0.87      0.84      0.85       927
          5       0.88      0.84      0.86       894
          6       0.93      0.94      0.93      1021
          7       0.88      0.88      0.88      1028
          8       0.89      0.79      0.84       922
          9       0.77      0.81      0.79       962

avg / total       0.88      0.88      0.88     10000
