pca_ratio = 0.65  C = 6  gamma = 6e-07Accuracy = 0.9328
             precision    recall  f1-score   support

          0       0.95      0.97      0.96       992
          1       0.96      0.97      0.97      1193
          2       0.94      0.93      0.93      1031
          3       0.93      0.92      0.93      1030
          4       0.94      0.92      0.93       927
          5       0.93      0.90      0.92       894
          6       0.95      0.96      0.96      1021
          7       0.93      0.92      0.92      1028
          8       0.90      0.92      0.91       922
          9       0.89      0.91      0.90       962

avg / total       0.93      0.93      0.93     10000

pca_ratio = 0.65  C = 6  gamma = 1e-06Accuracy = 0.9322
             precision    recall  f1-score   support

          0       0.93      0.97      0.95       992
          1       0.97      0.96      0.97      1193
          2       0.92      0.93      0.93      1031
          3       0.93      0.92      0.93      1030
          4       0.94      0.92      0.93       927
          5       0.93      0.91      0.92       894
          6       0.96      0.96      0.96      1021
          7       0.94      0.92      0.93      1028
          8       0.90      0.90      0.90       922
          9       0.88      0.90      0.89       962

avg / total       0.93      0.93      0.93     10000

